5199 3220 3391 23999
1 1 1 0
5199 3218 3396 23999
1 1 1 0
5204 3223 3402 23999
1 1 1 0
5174 3217 3394 23999
1 1 1 0
5185 3222 3405 23999
1 1 1 0
5187 3224 3406 23999
1 1 1 0
5225 3242 3424 23999
1 1 1 0
5189 3230 3415 23999
1 1 1 0
5178 3233 3418 23999
1 1 1 0
5189 3243 3429 23999
1 1 1 0
5193 3238 3429 23999
1 1 1 0
5177 3223 3441 23999
1 1 1 0
5181 3230 3471 23999
1 1 1 0
5171 3234 3499 23999
1 1 1 0
5159 3226 3527 23999
1 1 1 0
5193 3251 3606 23999
1 1 1 0
5231 3293 3748 22080
1 1 1 0
5170 3271 3900 16493
1 1 1 0
5194 3297 4173 13253
1 1 1 0
5204 3327 4592 11265
1 1 1 0
5172 3349 5236 9939
1 1 1 0
5144 3391 6132 9185
1 1 1 1
5147 3441 7176 8763
1 1 1 1
5128 3517 8592 8471
1 1 1 1
5134 3613 10396 8232
1 1 0 1
5137 3733 12197 8113
1 1 0 1
5144 3868 14105 8017
1 1 0 1
5164 4016 15863 7947
1 1 0 1
5180 4212 17813 7917
1 1 0 1
5189 4586 20983 7833
1 1 0 1
5224 5083 23852 7848
1 1 0 1
5240 5537 23999 7823
1 1 0 1
5215 6006 23999 7776
1 1 0 1
5252 6664 23999 7780
1 1 0 1
5226 7553 23999 7699
1 1 0 1
5172 8796 23999 7588
1 1 0 1
5212 9172 23999 7649
1 1 0 1
5242 10101 23999 7660
1 0 0 1
5262 11664 23999 7700
1 0 0 1
5262 13561 23999 7674
1 0 0 1
5252 15965 23999 7657
1 0 0 1
5280 17923 22694 7685
1 0 0 1
5279 19759 20086 7751
1 0 0 1
5334 21809 17384 7877
1 0 0 1
5335 23521 15329 7969
1 0 0 1
5391 23999 13058 8106
1 0 0 1
5454 23999 11436 8171
1 0 0 1
5494 23999 10044 8217
1 0 0 1
5481 23999 8386 8149
1 0 1 1
5505 23999 7173 8148
1 0 1 1
5533 23999 6309 8151
1 0 1 1
5513 23999 5667 8073
1 0 1 1
5585 23144 5228 8134
1 0 1 1
5574 21131 4902 8144
1 0 1 1
5602 19142 4624 8126
1 0 1 1
5571 16761 4322 8037
1 0 1 1
5610 14417 4103 8019
1 0 1 1
5656 12715 3970 7984
1 0 1 1
5604 11167 3752 7687
1 0 1 1
5404 9809 3520 7330
1 1 1 1
5434 8647 3479 7316
1 1 1 1
5449 8126 3444 7287
1 1 1 1
5454 8071 3439 7307
1 1 1 1
5560 7261 3436 7354
1 1 1 1
5676 5941 3370 7290
1 1 1 1
5769 5635 3364 7333
1 1 1 1
5798 5507 3354 7347
1 1 1 1
5859 5299 3337 7362
1 1 1 1
5948 5177 3339 7439
1 1 1 1
6040 4987 3336 7504
1 1 1 1
6063 4855 3322 7397
1 1 1 1
6199 4599 3310 7381
1 1 1 1
6370 4387 3298 7360
1 1 1 1
6640 4227 3304 7375
1 1 1 1
6899 4157 3330 7411
1 1 1 1
7218 4203 3393 7379
1 1 1 1
7570 4177 3437 7396
1 1 1 1
7748 4139 3458 7209
1 1 1 1
8024 3995 3423 6903
1 1 1 1
8364 3939 3429 6898
1 1 1 1
8630 3904 3438 6923
1 1 1 1
8822 3879 3450 6924
1 1 1 1
9164 3853 3464 6960
1 1 1 1
9694 3800 3468 6989
1 1 1 1
10136 3757 3459 7002
0 1 1 1
10492 3733 3458 7039
0 1 1 1
10876 3718 3476 7135
0 1 1 1
10994 3747 3522 7272
0 1 1 1
11037 3742 3535 7403
0 1 1 1
11860 3677 3522 7472
0 1 1 1
12278 3645 3493 7439
0 1 1 1
12744 3643 3512 7479
0 1 1 1
12966 3641 3512 7507
0 1 1 1
13448 3595 3486 7464
0 1 1 1
13630 3589 3485 7446
0 1 1 1
14000 3576 3472 7432
0 1 1 1
13906 3547 3444 7382
0 1 1 1
14008 3583 3466 7421
0 1 1 1
14240 3593 3474 7428
0 1 1 1
13518 3611 3474 7416
0 1 1 1
13002 3625 3472 7389
0 1 1 1
13164 3631 3480 7405
0 1 1 1
12986 3633 3478 7395
0 1 1 1
12780 3615 3462 7365
0 1 1 1
12266 3633 3460 7375
0 1 1 1
11650 3655 3465 7395
0 1 1 1
11007 3671 3460 7416
0 1 1 1
10564 3703 3472 7437
0 1 1 1
10294 3717 3464 7425
0 1 1 1
9782 3739 3452 7401
1 1 1 1
9306 3769 3454 7398
1 1 1 1
8920 3825 3466 7414
1 1 1 1
8421 3904 3470 7436
1 1 1 1
7984 3948 3466 7414
1 1 1 1
7582 4059 3480 7429
1 1 1 1
7190 4179 3484 7413
1 1 1 1
6820 4379 3505 7446
1 1 1 1
6596 4567 3524 7468
1 1 1 1
6494 4783 3542 7488
1 1 1 1
6327 5046 3553 7502
1 1 1 1
6110 5375 3548 7515
1 1 1 1
6046 5805 3544 7541
1 1 1 1
5836 6479 3536 7518
1 1 1 1
5552 7507 3522 7511
1 1 1 1
5452 8505 3529 7497
1 1 1 1
5391 9595 3544 7465
1 1 1 1
5340 11411 3628 7551
1 0 1 1
5276 13563 3741 7596
1 0 1 1
5244 15707 3886 7561
1 0 1 1
5194 17827 4062 7569
1 0 1 1
5146 20043 4286 7587
1 0 1 1
5195 21419 4470 7505
1 0 1 1
5230 21639 4522 7469
1 0 1 1
5274 21829 4562 7485
1 0 1 1
5220 23999 5046 7451
1 0 1 1
5181 23999 6163 7501
1 0 1 1
5163 23999 8003 7515
1 0 1 1
5141 23999 9905 7473
1 0 0 1
5134 23999 12440 7499
1 0 0 1
5124 23999 15996 7502
1 0 0 1
5135 21761 20167 7542
1 0 0 1
5146 18313 326 7592
1 0 1 1
5079 14784 23999 7560
1 0 0 1
5081 11822 23999 7586
1 0 0 1
5102 9438 23999 7660
1 1 0 1
5080 7636 23999 7681
1 1 0 1
5066 6373 23999 7674
1 1 0 1
5079 5449 23999 7749
1 1 0 1
5092 4833 22796 7843
1 1 0 1
5079 4444 19967 7882
1 1 0 1
5097 4202 17639 7938
1 1 0 1
5118 4017 15378 8051
1 1 0 1
5126 3789 12248 8203
1 1 0 1
5128 3615 9480 8440
1 1 1 1
5126 3507 7563 8784
1 1 1 1
5085 3418 6271 9258
1 1 1 1
5117 3377 5267 10249
1 1 1 0
5111 3332 4528 11982
1 1 1 0
5070 3275 4109 14397
1 1 1 0
5070 3259 3874 18029
1 1 1 0
5072 3252 3716 23999
1 1 1 0
5061 3230 3596 23999
1 1 1 0
5044 3212 3534 23999
1 1 1 0
5031 3204 3487 23999
1 1 1 0
5023 3202 3462 23999
1 1 1 0
5039 3202 3463 23999
1 1 1 0
5048 3212 3472 23999
1 1 1 0
5057 3217 3455 23999
1 1 1 0
5245 3304 3557 23999
1 1 1 0
8898 4618 4908 23999
